ISS (ZARYA)
1 25544U 98067A   24001.50000000  .00016717  00000-0  30000-3 0  9999
2 25544  51.6400 247.4627 0006703 170.5510 189.5640 15.49541000  1000
STARLINK-1007
1 44713U 19074A   24001.50000000  .00001000  00000-0  10000-3 0  9999
2 44713  53.0000 200.0000 0001500  90.0000 270.0000 15.05000000  1000
GPS BIIR-2
1 24876U 97035A   24001.50000000  .00000010  00000-0  10000-3 0  9999
2 24876  55.0000 100.0000 0050000 250.0000 100.0000  2.00562000  1000
TIANGONG
1 48274U 21035A   24001.50000000  .00020000  00000-0  25000-3 0  9999
2 48274  41.4700 100.5000 0006000 300.0000  60.0000 15.60000000  1000
HUBBLE
1 20580U 90037B   24001.50000000  .00001000  00000-0  50000-4 0  9999
2 20580  28.4700 200.0000 0002800 100.0000 260.0000 15.09000000  1000
